0 1 0
0 12 11
0 1 0
1 2 1
1 13 12
1 2 1
2 3 2
2 14 14
2 3 2
3 4 3
3 15 16
3 4 3
4 5 4
4 16 18
4 5 4
5 6 5
5 17 20
5 6 5
6 7 6
6 18 22
6 7 6
7 8 7
7 19 24
7 8 7
8 9 8
8 20 26
8 9 8
9 10 9
9 21 28
9 10 9
10 11 10
10 22 30
10 11 10
11 23 32
0 12 11
12 13 13
12 24 34
1 13 12
12 13 13
13 14 15
13 25 35
2 14 14
13 14 15
14 15 17
14 26 37
3 15 16
14 15 17
15 16 19
15 27 39
4 16 18
15 16 19
16 17 21
16 28 41
5 17 20
16 17 21
17 18 23
17 29 43
6 18 22
17 18 23
18 19 25
18 30 45
7 19 24
18 19 25
19 20 27
19 31 47
8 20 26
19 20 27
20 21 29
20 32 49
9 21 28
20 21 29
21 22 31
21 33 51
10 22 30
21 22 31
22 23 33
22 34 53
11 23 32
22 23 33
23 35 55
12 24 34
24 25 36
24 36 57
13 25 35
24 25 36
25 26 38
25 37 58
14 26 37
25 26 38
26 27 40
26 38 60
15 27 39
26 27 40
27 28 42
27 39 62
16 28 41
27 28 42
28 29 44
28 40 64
17 29 43
28 29 44
29 30 46
29 41 66
18 30 45
29 30 46
30 31 48
30 42 68
19 31 47
30 31 48
31 32 50
31 43 70
20 32 49
31 32 50
32 33 52
32 44 72
21 33 51
32 33 52
33 34 54
33 45 74
22 34 53
33 34 54
34 35 56
34 46 76
23 35 55
34 35 56
35 47 78
24 36 57
36 37 59
36 48 80
25 37 58
36 37 59
37 38 61
37 49 81
26 38 60
37 38 61
38 39 63
38 50 83
27 39 62
38 39 63
39 40 65
39 51 85
28 40 64
39 40 65
40 41 67
40 52 87
29 41 66
40 41 67
41 42 69
41 53 89
30 42 68
41 42 69
42 43 71
42 54 91
31 43 70
42 43 71
43 44 73
43 55 93
32 44 72
43 44 73
44 45 75
44 56 95
33 45 74
44 45 75
45 46 77
45 57 97
34 46 76
45 46 77
46 47 79
46 58 99
35 47 78
46 47 79
47 59 101
36 48 80
48 49 82
48 60 103
37 49 81
48 49 82
49 50 84
49 61 104
38 50 83
49 50 84
50 51 86
50 62 106
39 51 85
50 51 86
51 52 88
51 63 108
40 52 87
51 52 88
52 53 90
52 64 110
41 53 89
52 53 90
53 54 92
53 65 112
42 54 91
53 54 92
54 55 94
54 66 114
43 55 93
54 55 94
55 56 96
55 67 116
44 56 95
55 56 96
56 57 98
56 68 118
45 57 97
56 57 98
57 58 100
57 69 120
46 58 99
57 58 100
58 59 102
58 70 122
47 59 101
58 59 102
59 71 124
48 60 103
60 61 105
60 72 126
49 61 104
60 61 105
61 62 107
61 73 127
50 62 106
61 62 107
62 63 109
62 74 129
51 63 108
62 63 109
63 64 111
63 75 131
52 64 110
63 64 111
64 65 113
64 76 133
53 65 112
64 65 113
65 66 115
65 77 135
54 66 114
65 66 115
66 67 117
66 78 137
55 67 116
66 67 117
67 68 119
67 79 139
56 68 118
67 68 119
68 69 121
68 80 141
57 69 120
68 69 121
69 70 123
69 81 143
58 70 122
69 70 123
70 71 125
70 82 145
59 71 124
70 71 125
71 83 147
60 72 126
72 73 128
61 73 127
72 73 128
73 74 130
62 74 129
73 74 130
74 75 132
63 75 131
74 75 132
75 76 134
64 76 133
75 76 134
76 77 136
65 77 135
76 77 136
77 78 138
66 78 137
77 78 138
78 79 140
67 79 139
78 79 140
79 80 142
68 80 141
79 80 142
80 81 144
69 81 143
80 81 144
81 82 146
70 82 145
81 82 146
82 83 148
71 83 147
82 83 148