1.000 1.000 1.29000E+002
2.125 1.000 1.20422E+002
3.250 1.000 1.12687E+002
4.375 1.000 1.05797E+002
5.500 1.000 9.97500E+001
6.625 1.000 9.45469E+001
7.750 1.000 9.01875E+001
8.875 1.000 8.66719E+001
10.000 1.000 8.40000E+001
10.500 1.000 8.30833E+001
11.000 1.000 8.23333E+001
11.500 1.000 8.17500E+001
12.000 1.000 8.13333E+001
12.500 1.000 8.10833E+001
13.000 1.000 8.10000E+001
13.500 1.000 8.10833E+001
14.000 1.000 8.13333E+001
14.250 1.000 8.15208E+001
14.500 1.000 8.17500E+001
14.750 1.000 8.20208E+001
15.000 1.000 8.23333E+001
15.250 1.000 8.26875E+001
15.500 1.000 8.30833E+001
15.750 1.000 8.35208E+001
16.000 1.000 8.40000E+001
16.500 1.000 8.50833E+001
17.000 1.000 8.63333E+001
17.500 1.000 8.77500E+001
18.000 1.000 8.93333E+001
18.500 1.000 9.10833E+001
19.000 1.000 9.30000E+001
19.500 1.000 9.50833E+001
20.000 1.000 9.73333E+001
21.125 1.000 1.03005E+002
22.250 1.000 1.09521E+002
23.375 1.000 1.16880E+002
24.500 1.000 1.25083E+002
25.625 1.000 1.34130E+002
26.750 1.000 1.44021E+002
27.875 1.000 1.54755E+002
29.000 1.000 1.66333E+002
1.000 1.688 1.17098E+002
2.125 1.688 1.08520E+002
3.250 1.688 1.00785E+002
4.375 1.688 9.38945E+001
5.500 1.688 8.78476E+001
6.625 1.688 8.26445E+001
7.750 1.688 7.82851E+001
8.875 1.688 7.47692E+001
10.000 1.688 7.20948E+001
10.500 1.664 7.15701E+001
11.000 1.641 7.12121E+001
11.500 1.617 7.10215E+001
12.000 1.594 7.09985E+001
12.500 1.570 7.11433E+001
13.000 1.547 7.14558E+001
13.500 1.523 7.19363E+001
14.000 1.500 7.25850E+001
14.250 1.500 7.27720E+001
14.500 1.500 7.30008E+001
14.750 1.500 7.32715E+001
15.000 1.500 7.35840E+001
15.250 1.500 7.39382E+001
15.500 1.500 7.43342E+001
15.750 1.500 7.47720E+001
16.000 1.500 7.52517E+001
16.500 1.523 7.59363E+001
17.000 1.547 7.67892E+001
17.500 1.570 7.78100E+001
18.000 1.594 7.89985E+001
18.500 1.617 8.03548E+001
19.000 1.641 8.18788E+001
19.500 1.664 8.35701E+001
20.000 1.688 8.54282E+001
21.125 1.688 9.11025E+001
22.250 1.688 9.76184E+001
23.375 1.688 1.04978E+002
24.500 1.688 1.13181E+002
25.625 1.688 1.22228E+002
26.750 1.688 1.32118E+002
27.875 1.688 1.42853E+002
29.000 1.688 1.54431E+002
1.000 2.375 1.06141E+002
2.125 2.375 9.75625E+001
3.250 2.375 8.98281E+001
4.375 2.375 8.29375E+001
5.500 2.375 7.68906E+001
6.625 2.375 7.16875E+001
7.750 2.375 6.73279E+001
8.875 2.375 6.38117E+001
10.000 2.375 6.11372E+001
10.500 2.328 6.09393E+001
11.000 2.281 6.09118E+001
11.500 2.234 6.10548E+001
12.000 2.188 6.13687E+001
12.500 2.141 6.18536E+001
13.000 2.094 6.25096E+001
13.500 2.047 6.33369E+001
14.000 2.000 6.43356E+001
14.250 2.000 6.45225E+001
14.500 2.000 6.47513E+001
14.750 2.000 6.50220E+001
15.000 2.000 6.53344E+001
15.250 2.000 6.56886E+001
15.500 2.000 6.60847E+001
15.750 2.000 6.65225E+001
16.000 2.000 6.70022E+001
16.500 2.047 6.73369E+001
17.000 2.094 6.78429E+001
17.500 2.141 6.85203E+001
18.000 2.188 6.93687E+001
18.500 2.234 7.03881E+001
19.000 2.281 7.15784E+001
19.500 2.328 7.29393E+001
20.000 2.375 7.44705E+001
21.125 2.375 8.01450E+001
22.250 2.375 8.66613E+001
23.375 2.375 9.40208E+001
24.500 2.375 1.02224E+002
25.625 2.375 1.11271E+002
26.750 2.375 1.21161E+002
27.875 2.375 1.31896E+002
29.000 2.375 1.43474E+002
1.000 3.062 9.61289E+001
2.125 3.062 8.75508E+001
3.250 3.062 7.98164E+001
4.375 3.062 7.29258E+001
5.500 3.062 6.68789E+001
6.625 3.062 6.16757E+001
7.750 3.062 5.73162E+001
8.875 3.062 5.37998E+001
10.000 3.062 5.11253E+001
10.500 2.992 5.11909E+001
11.000 2.922 5.14324E+001
11.500 2.852 5.18500E+001
12.000 2.781 5.24439E+001
12.500 2.711 5.32144E+001
13.000 2.641 5.41614E+001
13.500 2.570 5.52851E+001
14.000 2.500 5.65858E+001
14.250 2.500 5.67728E+001
14.500 2.500 5.70016E+001
14.750 2.500 5.72722E+001
15.000 2.500 5.75847E+001
15.250 2.500 5.79389E+001
15.500 2.500 5.83349E+001
15.750 2.500 5.87728E+001
16.000 2.500 5.92524E+001
16.500 2.570 5.92851E+001
17.000 2.641 5.94947E+001
17.500 2.711 5.98810E+001
18.000 2.781 6.04439E+001
18.500 2.852 6.11833E+001
19.000 2.922 6.20990E+001
19.500 2.992 6.31909E+001
20.000 3.062 6.44586E+001
21.125 3.062 7.01331E+001
22.250 3.062 7.66495E+001
23.375 3.062 8.40091E+001
24.500 3.062 9.22122E+001
25.625 3.062 1.01259E+002
26.750 3.062 1.11150E+002
27.875 3.062 1.21884E+002
29.000 3.062 1.33462E+002
1.000 3.750 8.70625E+001
2.125 3.750 7.84844E+001
3.250 3.750 7.07500E+001
4.375 3.750 6.38594E+001
5.500 3.750 5.78125E+001
6.625 3.750 5.26093E+001
7.750 3.750 4.82497E+001
8.875 3.750 4.47334E+001
10.000 3.750 4.20589E+001
10.500 3.656 4.23246E+001
11.000 3.562 4.27739E+001
11.500 3.469 4.34070E+001
12.000 3.375 4.42242E+001
12.500 3.281 4.52256E+001
13.000 3.188 4.64112E+001
13.500 3.094 4.77812E+001
14.000 3.000 4.93358E+001
14.250 3.000 4.95228E+001
14.500 3.000 4.97516E+001
14.750 3.000 5.00223E+001
15.000 3.000 5.03347E+001
15.250 3.000 5.06890E+001
15.500 3.000 5.10850E+001
15.750 3.000 5.15228E+001
16.000 3.000 5.20024E+001
16.500 3.094 5.17812E+001
17.000 3.188 5.17445E+001
17.500 3.281 5.18922E+001
18.000 3.375 5.22242E+001
18.500 3.469 5.27404E+001
19.000 3.562 5.34406E+001
19.500 3.656 5.43246E+001
20.000 3.750 5.53922E+001
21.125 3.750 6.10667E+001
22.250 3.750 6.75831E+001
23.375 3.750 7.49426E+001
24.500 3.750 8.31458E+001
25.625 3.750 9.21927E+001
26.750 3.750 1.02083E+002
27.875 3.750 1.12818E+002
29.000 3.750 1.24396E+002
1.000 4.438 7.89414E+001
2.125 4.438 7.03633E+001
3.250 4.438 6.26289E+001
4.375 4.438 5.57383E+001
5.500 4.438 4.96914E+001
6.625 4.438 4.44882E+001
7.750 4.438 4.01286E+001
8.875 4.438 3.66123E+001
10.000 4.438 3.39379E+001
10.500 4.320 3.43403E+001
11.000 4.203 3.49363E+001
11.500 4.086 3.57260E+001
12.000 3.969 3.67096E+001
12.500 3.852 3.78872E+001
13.000 3.734 3.92591E+001
13.500 3.617 4.08251E+001
14.000 3.500 4.25856E+001
14.250 3.500 4.27727E+001
14.500 3.500 4.30016E+001
14.750 3.500 4.32723E+001
15.000 3.500 4.35847E+001
15.250 3.500 4.39389E+001
15.500 3.500 4.43349E+001
15.750 3.500 4.47727E+001
16.000 3.500 4.52523E+001
16.500 3.617 4.48251E+001
17.000 3.734 4.45924E+001
17.500 3.852 4.45539E+001
18.000 3.969 4.47096E+001
18.500 4.086 4.50593E+001
19.000 4.203 4.56029E+001
19.500 4.320 4.63403E+001
20.000 4.438 4.72713E+001
21.125 4.438 5.29456E+001
22.250 4.438 5.94620E+001
23.375 4.438 6.68215E+001
24.500 4.438 7.50247E+001
25.625 4.438 8.40716E+001
26.750 4.438 9.39622E+001
27.875 4.438 1.04697E+002
29.000 4.438 1.16275E+002
1.000 5.125 7.17656E+001
2.125 5.125 6.31875E+001
3.250 5.125 5.54531E+001
4.375 5.125 4.85625E+001
5.500 5.125 4.25156E+001
6.625 5.125 3.73124E+001
7.750 5.125 3.29528E+001
8.875 5.125 2.94365E+001
10.000 5.125 2.67623E+001
10.500 4.984 2.72381E+001
11.000 4.844 2.79195E+001
11.500 4.703 2.88067E+001
12.000 4.562 2.99000E+001
12.500 4.422 3.11994E+001
13.000 4.281 3.27051E+001
13.500 4.141 3.44170E+001
14.000 4.000 3.63354E+001
14.250 4.000 3.65225E+001
14.500 4.000 3.67515E+001
14.750 4.000 3.70221E+001
15.000 4.000 3.73346E+001
15.250 4.000 3.76888E+001
15.500 4.000 3.80848E+001
15.750 4.000 3.85225E+001
16.000 4.000 3.90021E+001
16.500 4.141 3.84170E+001
17.000 4.281 3.80384E+001
17.500 4.422 3.78661E+001
18.000 4.562 3.79000E+001
18.500 4.703 3.81401E+001
19.000 4.844 3.85862E+001
19.500 4.984 3.92381E+001
20.000 5.125 4.00957E+001
21.125 5.125 4.57699E+001
22.250 5.125 5.22862E+001
23.375 5.125 5.96458E+001
24.500 5.125 6.78489E+001
25.625 5.125 7.68958E+001
26.750 5.125 8.67865E+001
27.875 5.125 9.75208E+001
29.000 5.125 1.09099E+002
1.000 5.812 6.55352E+001
2.125 5.812 5.69570E+001
3.250 5.812 4.92227E+001
4.375 5.812 4.23320E+001
5.500 5.812 3.62851E+001
6.625 5.812 3.10820E+001
7.750 5.812 2.67224E+001
8.875 5.812 2.32061E+001
10.000 5.812 2.05321E+001
10.500 5.648 2.10179E+001
11.000 5.484 2.17235E+001
11.500 5.320 2.26494E+001
12.000 5.156 2.37956E+001
12.500 4.992 2.51621E+001
13.000 4.828 2.67492E+001
13.500 4.664 2.85568E+001
14.000 4.500 3.05851E+001
14.250 4.500 3.07723E+001
14.500 4.500 3.10013E+001
14.750 4.500 3.12720E+001
15.000 4.500 3.15844E+001
15.250 4.500 3.19386E+001
15.500 4.500 3.23346E+001
15.750 4.500 3.27723E+001
16.000 4.500 3.32518E+001
16.500 4.664 3.25568E+001
17.000 4.828 3.20825E+001
17.500 4.992 3.18288E+001
18.000 5.156 3.17956E+001
18.500 5.320 3.19827E+001
19.000 5.484 3.23902E+001
19.500 5.648 3.30179E+001
20.000 5.812 3.38655E+001
21.125 5.812 3.95395E+001
22.250 5.812 4.60557E+001
23.375 5.812 5.34153E+001
24.500 5.812 6.16185E+001
25.625 5.812 7.06654E+001
26.750 5.812 8.05560E+001
27.875 5.812 9.12904E+001
29.000 5.812 1.02868E+002
1.000 6.500 6.02500E+001
2.125 6.500 5.16719E+001
3.250 6.500 4.39375E+001
4.375 6.500 3.70469E+001
5.500 6.500 3.10000E+001
6.625 6.500 2.57968E+001
7.750 6.500 2.14373E+001
8.875 6.500 1.79211E+001
10.000 6.500 1.52473E+001
10.500 6.312 1.56796E+001
11.000 6.125 1.63484E+001
11.500 5.938 1.72539E+001
12.000 5.750 1.83962E+001
12.500 5.562 1.97753E+001
13.000 5.375 2.13914E+001
13.500 5.188 2.32445E+001
14.000 5.000 2.53348E+001
14.250 5.000 2.55220E+001
14.500 5.000 2.57510E+001
14.750 5.000 2.60218E+001
15.000 5.000 2.63343E+001
15.250 5.000 2.66885E+001
15.500 5.000 2.70844E+001
15.750 5.000 2.75220E+001
16.000 5.000 2.80015E+001
16.500 5.188 2.72445E+001
17.000 5.375 2.67248E+001
17.500 5.562 2.64420E+001
18.000 5.750 2.63962E+001
18.500 5.938 2.65872E+001
19.000 6.125 2.70151E+001
19.500 6.312 2.76796E+001
20.000 6.500 2.85806E+001
21.125 6.500 3.42544E+001
22.250 6.500 4.07706E+001
23.375 6.500 4.81301E+001
24.500 6.500 5.63333E+001
25.625 6.500 6.53802E+001
26.750 6.500 7.52708E+001
27.875 6.500 8.60052E+001
29.000 6.500 9.75833E+001
1.000 7.188 5.59102E+001
2.125 7.188 4.73320E+001
3.250 7.188 3.95977E+001
4.375 7.188 3.27070E+001
5.500 7.188 2.66601E+001
6.625 7.188 2.14570E+001
7.750 7.188 1.70974E+001
8.875 7.188 1.35813E+001
10.000 7.188 1.09078E+001
10.500 6.977 1.12234E+001
11.000 6.766 1.17941E+001
11.500 6.555 1.26203E+001
12.000 6.344 1.37019E+001
12.500 6.133 1.50391E+001
13.000 5.922 1.66319E+001
13.500 5.711 1.84803E+001
14.000 5.500 2.05844E+001
14.250 5.500 2.07718E+001
14.500 5.500 2.10008E+001
14.750 5.500 2.12716E+001
15.000 5.500 2.15841E+001
15.250 5.500 2.19383E+001
15.500 5.500 2.23341E+001
15.750 5.500 2.27718E+001
16.000 5.500 2.32511E+001
16.500 5.711 2.24803E+001
17.000 5.922 2.19652E+001
17.500 6.133 2.17058E+001
18.000 6.344 2.17019E+001
18.500 6.555 2.19536E+001
19.000 6.766 2.24608E+001
19.500 6.977 2.32234E+001
20.000 7.188 2.42411E+001
21.125 7.188 2.99146E+001
22.250 7.188 3.64308E+001
23.375 7.188 4.37903E+001
24.500 7.188 5.19935E+001
25.625 7.188 6.10404E+001
26.750 7.188 7.09310E+001
27.875 7.188 8.16654E+001
29.000 7.188 9.32435E+001
1.000 7.875 5.25156E+001
2.125 7.875 4.39375E+001
3.250 7.875 3.62031E+001
4.375 7.875 2.93125E+001
5.500 7.875 2.32656E+001
6.625 7.875 1.80624E+001
7.750 7.875 1.37029E+001
8.875 7.875 1.01869E+001
10.000 7.875 7.51362E+000
10.500 7.641 7.64909E+000
11.000 7.406 8.06071E+000
11.500 7.172 8.74860E+000
12.000 6.938 9.71284E+000
12.500 6.703 1.09535E+001
13.000 6.469 1.24705E+001
13.500 6.234 1.42640E+001
14.000 6.000 1.63341E+001
14.250 6.000 1.65215E+001
14.500 6.000 1.67506E+001
14.750 6.000 1.70214E+001
15.000 6.000 1.73339E+001
15.250 6.000 1.76881E+001
15.500 6.000 1.80839E+001
15.750 6.000 1.85215E+001
16.000 6.000 1.90007E+001
16.500 6.234 1.82640E+001
17.000 6.469 1.78038E+001
17.500 6.703 1.76201E+001
18.000 6.938 1.77128E+001
18.500 7.172 1.80819E+001
19.000 7.406 1.87274E+001
19.500 7.641 1.96491E+001
20.000 7.875 2.08470E+001
21.125 7.875 2.65202E+001
22.250 7.875 3.30362E+001
23.375 7.875 4.03958E+001
24.500 7.875 4.85989E+001
25.625 7.875 5.76458E+001
26.750 7.875 6.75365E+001
27.875 7.875 7.82708E+001
29.000 7.875 8.98490E+001
1.000 8.562 5.00664E+001
2.125 8.562 4.14883E+001
3.250 8.562 3.37539E+001
4.375 8.562 2.68633E+001
5.500 8.562 2.08164E+001
6.625 8.562 1.56132E+001
7.750 8.562 1.12537E+001
8.875 8.562 7.73770E+000
10.000 8.562 5.06479E+000
10.500 8.305 4.95682E+000
11.000 8.047 5.14813E+000
11.500 7.789 5.63882E+000
12.000 7.531 6.42892E+000
12.500 7.273 7.51845E+000
13.000 7.016 8.90740E+000
13.500 6.758 1.05958E+001
14.000 6.500 1.25837E+001
14.250 6.500 1.27713E+001
14.500 6.500 1.30005E+001
14.750 6.500 1.32713E+001
15.000 6.500 1.35838E+001
15.250 6.500 1.39380E+001
15.500 6.500 1.43338E+001
15.750 6.500 1.47713E+001
16.000 6.500 1.52504E+001
16.500 6.758 1.45958E+001
17.000 7.016 1.42407E+001
17.500 7.273 1.41851E+001
18.000 7.531 1.44289E+001
18.500 7.789 1.49721E+001
19.000 8.047 1.58148E+001
19.500 8.305 1.69568E+001
20.000 8.562 1.83981E+001
21.125 8.562 2.40710E+001
22.250 8.562 3.05870E+001
23.375 8.562 3.79465E+001
24.500 8.562 4.61497E+001
25.625 8.562 5.51966E+001
26.750 8.562 6.50872E+001
27.875 8.562 7.58216E+001
29.000 8.562 8.73997E+001
1.000 9.250 4.85625E+001
2.125 9.250 3.99844E+001
3.250 9.250 3.22500E+001
4.375 9.250 2.53594E+001
5.500 9.250 1.93125E+001
6.625 9.250 1.41093E+001
7.750 9.250 9.74972E+000
8.875 9.250 6.23376E+000
10.000 9.250 3.56120E+000
10.500 8.969 3.14649E+000
11.000 8.688 3.05639E+000
11.500 8.406 3.29095E+000
12.000 8.125 3.85022E+000
12.500 7.844 4.73415E+000
13.000 7.562 5.94268E+000
13.500 7.281 7.47579E+000
14.000 7.000 9.33356E+000
14.250 7.000 9.52120E+000
14.500 7.000 9.75046E+000
14.750 7.000 1.00213E+001
15.000 7.000 1.03339E+001
15.250 7.000 1.06880E+001
15.500 7.000 1.10838E+001
15.750 7.000 1.15212E+001
16.000 7.000 1.20002E+001
16.500 7.281 1.14758E+001
17.000 7.562 1.12760E+001
17.500 7.844 1.14008E+001
18.000 8.125 1.18502E+001
18.500 8.406 1.26243E+001
19.000 8.688 1.37231E+001
19.500 8.969 1.51465E+001
20.000 9.250 1.68945E+001
21.125 9.250 2.25671E+001
22.250 9.250 2.90831E+001
23.375 9.250 3.64426E+001
24.500 9.250 4.46458E+001
25.625 9.250 5.36927E+001
26.750 9.250 6.35833E+001
27.875 9.250 7.43177E+001
29.000 9.250 8.58958E+001
1.000 9.938 4.80039E+001
2.125 9.938 3.94258E+001
3.250 9.938 3.16914E+001
4.375 9.938 2.48008E+001
5.500 9.938 1.87539E+001
6.625 9.938 1.35506E+001
7.750 9.938 9.19099E+000
8.875 9.938 5.67490E+000
10.000 9.938 3.00267E+000
10.500 9.633 2.21802E+000
11.000 9.328 1.78546E+000
11.500 9.023 1.70501E+000
12.000 8.719 1.97674E+000
12.500 8.414 2.60064E+000
13.000 8.109 3.57650E+000
13.500 7.805 4.90414E+000
14.000 7.500 6.58364E+000
14.250 7.500 6.77142E+000
14.500 7.500 7.00075E+000
14.750 7.500 7.27169E+000
15.000 7.500 7.58423E+000
15.250 7.500 7.93836E+000
15.500 7.500 8.33409E+000
15.750 7.500 8.77142E+000
16.000 7.500 9.25030E+000
16.500 7.805 8.90414E+000
17.000 8.109 8.90983E+000
17.500 8.414 9.26731E+000
18.000 8.719 9.97674E+000
18.500 9.023 1.10383E+001
19.000 9.328 1.24521E+001
19.500 9.633 1.42180E+001
20.000 9.938 1.63360E+001
21.125 9.938 2.20082E+001
22.250 9.938 2.85243E+001
23.375 9.938 3.58840E+001
24.500 9.938 4.40872E+001
25.625 9.938 5.31341E+001
26.750 9.938 6.30247E+001
27.875 9.938 7.37591E+001
29.000 9.938 8.53372E+001
1.000 10.625 4.83906E+001
2.125 10.625 3.98125E+001
3.250 10.625 3.20781E+001
4.375 10.625 2.51875E+001
5.500 10.625 1.91406E+001
6.625 10.625 1.39374E+001
7.750 10.625 9.57753E+000
8.875 10.625 6.06081E+000
10.000 10.625 3.38863E+000
10.500 10.297 2.17117E+000
11.000 9.969 1.33528E+000
11.500 9.641 8.80995E-001
12.000 9.312 8.08487E-001
12.500 8.984 1.11785E+000
13.000 8.656 1.80906E+000
13.500 8.328 2.88124E+000
14.000 8.000 4.33430E+000
14.250 8.000 4.52216E+000
14.500 8.000 4.75159E+000
14.750 8.000 5.02252E+000
15.000 8.000 5.33504E+000
15.250 8.000 5.68919E+000
15.500 8.000 6.08493E+000
15.750 8.000 6.52216E+000
16.000 8.000 7.00097E+000
16.500 8.328 6.88124E+000
17.000 8.656 7.14240E+000
17.500 8.984 7.78452E+000
18.000 9.312 8.80849E+000
18.500 9.641 1.02143E+001
19.000 9.969 1.20019E+001
19.500 10.297 1.41712E+001
20.000 10.625 1.67220E+001
21.125 10.625 2.23941E+001
22.250 10.625 2.89109E+001
23.375 10.625 3.62707E+001
24.500 10.625 4.44739E+001
25.625 10.625 5.35208E+001
26.750 10.625 6.34115E+001
27.875 10.625 7.41458E+001
29.000 10.625 8.57240E+001
1.000 11.312 4.97227E+001
2.125 11.312 4.11445E+001
3.250 11.312 3.34102E+001
4.375 11.312 2.65195E+001
5.500 11.312 2.04726E+001
6.625 11.312 1.52693E+001
7.750 11.312 1.09096E+001
8.875 11.312 7.39106E+000
10.000 11.312 4.71706E+000
10.500 10.961 3.00530E+000
11.000 10.609 1.70575E+000
11.500 10.258 8.18952E-001
12.000 9.906 3.45516E-001
12.500 9.555 2.85762E-001
13.000 9.203 6.39861E-001
13.500 8.852 1.40798E+000
14.000 8.500 2.58619E+000
14.250 8.500 2.77440E+000
14.500 8.500 3.00331E+000
14.750 8.500 3.27390E+000
15.000 8.500 3.58631E+000
15.250 8.500 3.94056E+000
15.500 8.500 4.33665E+000
15.750 8.500 4.77440E+000
16.000 8.500 5.25286E+000
16.500 8.852 5.40798E+000
17.000 9.203 5.97319E+000
17.500 9.555 6.95243E+000
18.000 9.906 8.34552E+000
18.500 10.258 1.01523E+001
19.000 10.609 1.23724E+001
19.500 10.961 1.50053E+001
20.000 11.312 1.80504E+001
21.125 11.312 2.37244E+001
22.250 11.312 3.02430E+001
23.375 11.312 3.76027E+001
24.500 11.312 4.58059E+001
25.625 11.312 5.48528E+001
26.750 11.312 6.47435E+001
27.875 11.312 7.54779E+001
29.000 11.312 8.70560E+001
1.000 12.000 5.20000E+001
2.125 12.000 4.34219E+001
3.250 12.000 3.56875E+001
4.375 12.000 2.87969E+001
5.500 12.000 2.27499E+001
6.625 12.000 1.75467E+001
7.750 12.000 1.31865E+001
8.875 12.000 9.67028E+000
10.000 12.000 6.97433E+000
10.500 11.625 4.71975E+000
11.000 11.250 2.89686E+000
11.500 10.875 1.51903E+000
12.000 10.500 5.88015E-001
12.500 10.125 1.04538E-001
13.000 9.750 6.89861E-002
13.500 9.375 4.81649E-001
14.000 9.000 1.34451E+000
14.250 9.000 1.52780E+000
14.500 9.000 1.75524E+000
14.750 9.000 2.02527E+000
15.000 9.000 2.33753E+000
15.250 9.000 2.69194E+000
15.500 9.000 3.08858E+000
15.750 9.000 3.52780E+000
16.000 9.000 4.01117E+000
16.500 9.375 4.48165E+000
17.000 9.750 5.40232E+000
17.500 10.125 6.77120E+000
18.000 10.500 8.58801E+000
18.500 10.875 1.08524E+001
19.000 11.250 1.35635E+001
19.500 11.625 1.67197E+001
20.000 12.000 2.03077E+001
21.125 12.000 2.60036E+001
22.250 12.000 3.25198E+001
23.375 12.000 3.98801E+001
24.500 12.000 4.80833E+001
25.625 12.000 5.71302E+001
26.750 12.000 6.70208E+001
27.875 12.000 7.77552E+001
29.000 12.000 8.93333E+001
1.000 12.188 5.27852E+001
2.125 12.188 4.42070E+001
3.250 12.188 3.64727E+001
4.375 12.188 2.95820E+001
5.500 12.188 2.35351E+001
6.625 12.188 1.83318E+001
7.750 12.188 1.39719E+001
8.875 12.188 1.04541E+001
10.000 12.188 7.76494E+000
10.500 11.836 5.44682E+000
11.000 11.484 3.53726E+000
11.500 11.133 2.03619E+000
12.000 10.781 9.47899E-001
12.500 10.430 2.72983E-001
13.000 10.078 1.19144E-002
13.500 9.727 1.65111E-001
14.000 9.375 7.33251E-001
14.250 9.375 9.18810E-001
14.500 9.375 1.14642E+000
14.750 9.375 1.41641E+000
15.000 9.375 1.72865E+000
15.250 9.375 2.08308E+000
15.500 9.375 2.47976E+000
15.750 9.375 2.91881E+000
16.000 9.375 3.39992E+000
16.500 9.727 4.16511E+000
17.000 10.078 5.34525E+000
17.500 10.430 6.93965E+000
18.000 10.781 8.94790E+000
18.500 11.133 1.13695E+001
19.000 11.484 1.42039E+001
19.500 11.836 1.74468E+001
20.000 12.188 2.10983E+001
21.125 12.188 2.67874E+001
22.250 12.188 3.33053E+001
23.375 12.188 4.06652E+001
24.500 12.188 4.88684E+001
25.625 12.188 5.79154E+001
26.750 12.188 6.78060E+001
27.875 12.188 7.85404E+001
29.000 12.188 9.01185E+001
1.000 12.375 5.36406E+001
2.125 12.375 4.50625E+001
3.250 12.375 3.73281E+001
4.375 12.375 3.04375E+001
5.500 12.375 2.43906E+001
6.625 12.375 1.91873E+001
7.750 12.375 1.48275E+001
8.875 12.375 1.13091E+001
10.000 12.375 8.62422E+000
10.500 12.047 6.26540E+000
11.000 11.719 4.28696E+000
11.500 11.391 2.68634E+000
12.000 11.062 1.46598E+000
12.500 10.734 6.27142E-001
13.000 10.406 1.70234E-001
13.500 10.078 9.56957E-002
14.000 9.750 4.04123E-001
14.250 9.750 5.90036E-001
14.500 9.750 8.18106E-001
14.750 9.750 1.08827E+000
15.000 9.750 1.40055E+000
15.250 9.750 1.75494E+000
15.500 9.750 2.15144E+000
15.750 9.750 2.59004E+000
16.000 9.750 3.07079E+000
16.500 10.078 4.09570E+000
17.000 10.406 5.50357E+000
17.500 10.734 7.29381E+000
18.000 11.062 9.46598E+000
18.500 11.391 1.20197E+001
19.000 11.719 1.49536E+001
19.500 12.047 1.82654E+001
20.000 12.375 2.19576E+001
21.125 12.375 2.76424E+001
22.250 12.375 3.41608E+001
23.375 12.375 4.15206E+001
24.500 12.375 4.97239E+001
25.625 12.375 5.87708E+001
26.750 12.375 6.86615E+001
27.875 12.375 7.93958E+001
29.000 12.375 9.09740E+001
1.000 12.562 5.45664E+001
2.125 12.562 4.59883E+001
3.250 12.562 3.82539E+001
4.375 12.562 3.13633E+001
5.500 12.562 2.53164E+001
6.625 12.562 2.01131E+001
7.750 12.562 1.57533E+001
8.875 12.562 1.22348E+001
10.000 12.562 9.55283E+000
10.500 12.258 7.17398E+000
11.000 11.953 5.14685E+000
11.500 11.648 3.46931E+000
12.000 11.344 2.14230E+000
12.500 11.039 1.16700E+000
13.000 10.734 5.43929E-001
13.500 10.430 2.73498E-001
14.000 10.125 3.56255E-001
14.250 10.125 5.42468E-001
14.500 10.125 7.70747E-001
14.750 10.125 1.04106E+000
15.000 10.125 1.35339E+000
15.250 10.125 1.70773E+000
15.500 10.125 2.10408E+000
15.750 10.125 2.54247E+000
16.000 10.125 3.02292E+000
16.500 10.430 4.27350E+000
17.000 10.734 5.87726E+000
17.500 11.039 7.83367E+000
18.000 11.344 1.01423E+001
18.500 11.648 1.28026E+001
19.000 11.953 1.58135E+001
19.500 12.258 1.91740E+001
20.000 12.562 2.28862E+001
21.125 12.562 2.85681E+001
22.250 12.562 3.50866E+001
23.375 12.562 4.24464E+001
24.500 12.562 5.06497E+001
25.625 12.562 5.96966E+001
26.750 12.562 6.95872E+001
27.875 12.562 8.03216E+001
29.000 12.562 9.18997E+001
1.000 12.750 5.55625E+001
2.125 12.750 4.69844E+001
3.250 12.750 3.92500E+001
4.375 12.750 3.23594E+001
5.500 12.750 2.63125E+001
6.625 12.750 2.11092E+001
7.750 12.750 1.67493E+001
8.875 12.750 1.32311E+001
10.000 12.750 1.05511E+001
10.500 12.469 8.17190E+000
11.000 12.188 6.11703E+000
11.500 11.906 4.38527E+000
12.000 11.625 2.97684E+000
12.500 11.344 1.89256E+000
13.000 11.062 1.13299E+000
13.500 10.781 6.98527E-001
14.000 10.500 5.89645E-001
14.250 10.500 7.76091E-001
14.500 10.500 1.00454E+000
14.750 10.500 1.27495E+000
15.000 10.500 1.58731E+000
15.250 10.500 1.94162E+000
15.500 10.500 2.33787E+000
15.750 10.500 2.77609E+000
16.000 10.500 3.25631E+000
16.500 10.781 4.69853E+000
17.000 11.062 6.46633E+000
17.500 11.344 8.55923E+000
18.000 11.625 1.09768E+001
18.500 11.906 1.37186E+001
19.000 12.188 1.67837E+001
19.500 12.469 2.01719E+001
20.000 12.750 2.38845E+001
21.125 12.750 2.95644E+001
22.250 12.750 3.60827E+001
23.375 12.750 4.34425E+001
24.500 12.750 5.16458E+001
25.625 12.750 6.06927E+001
26.750 12.750 7.05833E+001
27.875 12.750 8.13177E+001
29.000 12.750 9.28958E+001
1.000 12.938 5.66289E+001
2.125 12.938 4.80508E+001
3.250 12.938 4.03164E+001
4.375 12.938 3.34258E+001
5.500 12.938 2.73789E+001
6.625 12.938 2.21756E+001
7.750 12.938 1.78158E+001
8.875 12.938 1.42977E+001
10.000 12.938 1.16194E+001
10.500 12.680 9.25886E+000
11.000 12.422 7.19738E+000
11.500 12.164 5.43429E+000
12.000 11.906 3.96960E+000
12.500 11.648 2.80382E+000
13.000 11.391 1.93743E+000
13.500 11.133 1.37079E+000
14.000 10.875 1.10431E+000
14.250 10.875 1.29096E+000
14.500 10.875 1.51954E+000
14.750 10.875 1.79004E+000
15.000 10.875 2.10242E+000
15.250 10.875 2.45670E+000
15.500 10.875 2.85287E+000
15.750 10.875 3.29096E+000
16.000 10.875 3.77098E+000
16.500 11.133 5.37079E+000
17.000 11.391 7.27076E+000
17.500 11.648 9.47049E+000
18.000 11.906 1.19696E+001
18.500 12.164 1.47676E+001
19.000 12.422 1.78640E+001
19.500 12.680 2.12589E+001
20.000 12.938 2.49527E+001
21.125 12.938 3.06311E+001
22.250 12.938 3.71491E+001
23.375 12.938 4.45089E+001
24.500 12.938 5.27122E+001
25.625 12.938 6.17591E+001
26.750 12.938 7.16497E+001
27.875 12.938 8.23841E+001
29.000 12.938 9.39622E+001
1.000 13.125 5.77656E+001
2.125 13.125 4.91875E+001
3.250 13.125 4.14531E+001
4.375 13.125 3.45625E+001
5.500 13.125 2.85156E+001
6.625 13.125 2.33123E+001
7.750 13.125 1.89525E+001
8.875 13.125 1.54348E+001
10.000 13.125 1.27576E+001
10.500 12.891 1.04348E+001
11.000 12.656 8.38778E+000
11.500 12.422 6.61640E+000
12.000 12.188 5.12063E+000
12.500 11.953 3.90079E+000
13.000 11.719 2.95724E+000
13.500 11.484 2.29028E+000
14.000 11.250 1.90028E+000
14.250 11.250 2.08710E+000
14.500 11.250 2.31580E+000
14.750 11.250 2.58636E+000
15.000 11.250 2.89877E+000
15.250 11.250 3.25303E+000
15.500 11.250 3.64913E+000
15.750 11.250 4.08710E+000
16.000 11.250 4.56694E+000
16.500 11.484 6.29028E+000
17.000 11.719 8.29057E+000
17.500 11.953 1.05675E+001
18.000 12.188 1.31206E+001
18.500 12.422 1.59497E+001
19.000 12.656 1.90544E+001
19.500 12.891 2.24348E+001
20.000 13.125 2.60909E+001
21.125 13.125 3.17681E+001
22.250 13.125 3.82858E+001
23.375 13.125 4.56457E+001
24.500 13.125 5.38489E+001
25.625 13.125 6.28958E+001
26.750 13.125 7.27865E+001
27.875 13.125 8.35208E+001
29.000 13.125 9.50990E+001
1.000 13.312 5.89727E+001
2.125 13.312 5.03945E+001
3.250 13.312 4.26602E+001
4.375 13.312 3.57695E+001
5.500 13.312 2.97226E+001
6.625 13.312 2.45194E+001
7.750 13.312 2.01596E+001
8.875 13.312 1.66421E+001
10.000 13.312 1.39659E+001
10.500 13.102 1.16996E+001
11.000 12.891 9.68811E+000
11.500 12.680 7.93155E+000
12.000 12.469 6.42994E+000
12.500 12.258 5.18347E+000
13.000 12.047 4.19241E+000
13.500 11.836 3.45702E+000
14.000 11.625 2.97756E+000
14.250 11.625 3.16453E+000
14.500 11.625 3.39333E+000
14.750 11.625 3.66396E+000
15.000 11.625 3.97639E+000
15.250 11.625 4.33062E+000
15.500 11.625 4.72667E+000
15.750 11.625 5.16453E+000
16.000 11.625 5.64422E+000
16.500 11.836 7.45702E+000
17.000 12.047 9.52575E+000
17.500 12.258 1.18501E+001
18.000 12.469 1.44299E+001
18.500 12.680 1.72649E+001
19.000 12.891 2.03548E+001
19.500 13.102 2.36996E+001
20.000 13.312 2.72993E+001
21.125 13.312 3.29755E+001
22.250 13.312 3.94929E+001
23.375 13.312 4.68527E+001
24.500 13.312 5.50560E+001
25.625 13.312 6.41029E+001
26.750 13.312 7.39935E+001
27.875 13.312 8.47279E+001
29.000 13.312 9.63060E+001
1.000 13.500 6.02500E+001
2.125 13.500 5.16719E+001
3.250 13.500 4.39375E+001
4.375 13.500 3.70469E+001
5.500 13.500 3.10000E+001
6.625 13.500 2.57967E+001
7.750 13.500 2.14369E+001
8.875 13.500 1.79198E+001
10.000 13.500 1.52444E+001
10.500 13.312 1.30533E+001
11.000 13.125 1.10983E+001
11.500 12.938 9.37972E+000
12.000 12.750 7.89751E+000
12.500 12.562 6.65187E+000
13.000 12.375 5.64297E+000
13.500 12.188 4.87100E+000
14.000 12.000 4.33616E+000
14.250 12.000 4.52327E+000
14.500 12.000 4.75216E+000
14.750 12.000 5.02284E+000
15.000 12.000 5.33529E+000
15.250 12.000 5.68951E+000
15.500 12.000 6.08550E+000
15.750 12.000 6.52327E+000
16.000 12.000 7.00283E+000
16.500 12.188 8.87100E+000
17.000 12.375 1.09763E+001
17.500 12.562 1.33185E+001
18.000 12.750 1.58975E+001
18.500 12.938 1.87130E+001
19.000 13.125 2.17650E+001
19.500 13.312 2.50533E+001
20.000 13.500 2.85778E+001
21.125 13.500 3.42531E+001
22.250 13.500 4.07703E+001
23.375 13.500 4.81301E+001
24.500 13.500 5.63333E+001
25.625 13.500 6.53802E+001
26.750 13.500 7.52708E+001
27.875 13.500 8.60052E+001
29.000 13.500 9.75833E+001
1.000 13.688 6.15977E+001
2.125 13.688 5.30195E+001
3.250 13.688 4.52852E+001
4.375 13.688 3.83945E+001
5.500 13.688 3.23476E+001
6.625 13.688 2.71444E+001
7.750 13.688 2.27847E+001
8.875 13.688 1.92677E+001
10.000 13.688 1.65931E+001
10.500 13.523 1.44959E+001
11.000 13.359 1.26184E+001
11.500 13.195 1.09609E+001
12.000 13.031 9.52334E+000
12.500 12.867 8.30598E+000
13.000 12.703 7.30890E+000
13.500 12.539 6.53223E+000
14.000 12.375 5.97610E+000
14.250 12.375 6.16332E+000
14.500 12.375 6.39229E+000
14.750 12.375 6.66302E+000
15.000 12.375 6.97548E+000
15.250 12.375 7.32968E+000
15.500 12.375 7.72563E+000
15.750 12.375 8.16332E+000
16.000 12.375 8.64276E+000
16.500 12.539 1.05322E+001
17.000 12.703 1.26422E+001
17.500 12.867 1.49726E+001
18.000 13.031 1.75233E+001
18.500 13.195 2.02942E+001
19.000 13.359 2.32851E+001
19.500 13.523 2.64959E+001
20.000 13.688 2.99264E+001
21.125 13.688 3.56011E+001
22.250 13.688 4.21180E+001
23.375 13.688 4.94777E+001
24.500 13.688 5.76810E+001
25.625 13.688 6.67279E+001
26.750 13.688 7.66185E+001
27.875 13.688 8.73529E+001
29.000 13.688 9.89310E+001
1.000 13.875 6.30156E+001
2.125 13.875 5.44375E+001
3.250 13.875 4.67031E+001
4.375 13.875 3.98125E+001
5.500 13.875 3.37656E+001
6.625 13.875 2.85624E+001
7.750 13.875 2.42027E+001
8.875 13.875 2.06860E+001
10.000 13.875 1.80119E+001
10.500 13.734 1.60274E+001
11.000 13.594 1.42483E+001
11.500 13.453 1.26749E+001
12.000 13.312 1.13074E+001
12.500 13.172 1.01458E+001
13.000 13.031 9.19020E+000
13.500 12.891 8.44071E+000
14.000 12.750 7.89736E+000
14.250 12.750 8.08469E+000
14.500 12.750 8.31373E+000
14.750 12.750 8.58449E+000
15.000 12.750 8.89697E+000
15.250 12.750 9.25116E+000
15.500 12.750 9.64706E+000
15.750 12.750 1.00847E+001
16.000 12.750 1.05640E+001
16.500 12.891 1.24407E+001
17.000 13.031 1.45235E+001
17.500 13.172 1.68125E+001
18.000 13.312 1.93074E+001
18.500 13.453 2.20083E+001
19.000 13.594 2.49150E+001
19.500 13.734 2.80274E+001
20.000 13.875 3.13452E+001
21.125 13.875 3.70193E+001
22.250 13.875 4.35360E+001
23.375 13.875 5.08957E+001
24.500 13.875 5.90989E+001
25.625 13.875 6.81458E+001
26.750 13.875 7.80365E+001
27.875 13.875 8.87708E+001
29.000 13.875 1.00349E+002
1.000 14.062 6.45039E+001
2.125 14.062 5.59258E+001
3.250 14.062 4.81914E+001
4.375 14.062 4.13008E+001
5.500 14.062 3.52539E+001
6.625 14.062 3.00507E+001
7.750 14.062 2.56910E+001
8.875 14.062 2.21746E+001
10.000 14.062 1.95009E+001
10.500 13.945 1.76477E+001
11.000 13.828 1.59880E+001
11.500 13.711 1.45219E+001
12.000 13.594 1.32497E+001
12.500 13.477 1.21713E+001
13.000 13.359 1.12869E+001
13.500 13.242 1.05964E+001
14.000 13.125 1.01000E+001
14.250 13.125 1.02874E+001
14.500 13.125 1.05165E+001
14.750 13.125 1.07873E+001
15.000 13.125 1.10998E+001
15.250 13.125 1.14539E+001
15.500 13.125 1.18498E+001
15.750 13.125 1.22874E+001
16.000 13.125 1.27666E+001
16.500 13.242 1.45964E+001
17.000 13.359 1.66202E+001
17.500 13.477 1.88380E+001
18.000 13.594 2.12497E+001
18.500 13.711 2.38553E+001
19.000 13.828 2.66547E+001
19.500 13.945 2.96477E+001
20.000 14.062 3.28343E+001
21.125 14.062 3.85079E+001
22.250 14.062 4.50244E+001
23.375 14.062 5.23840E+001
24.500 14.062 6.05872E+001
25.625 14.062 6.96341E+001
26.750 14.062 7.95247E+001
27.875 14.062 9.02591E+001
29.000 14.062 1.01837E+002
1.000 14.250 6.60625E+001
2.125 14.250 5.74844E+001
3.250 14.250 4.97500E+001
4.375 14.250 4.28594E+001
5.500 14.250 3.68125E+001
6.625 14.250 3.16093E+001
7.750 14.250 2.72497E+001
8.875 14.250 2.37334E+001
10.000 14.250 2.10602E+001
10.500 14.156 1.93571E+001
11.000 14.062 1.78375E+001
11.500 13.969 1.65018E+001
12.000 13.875 1.53501E+001
12.500 13.781 1.43825E+001
13.000 13.688 1.35989E+001
13.500 13.594 1.29994E+001
14.000 13.500 1.25839E+001
14.250 13.500 1.27714E+001
14.500 13.500 1.30005E+001
14.750 13.500 1.32714E+001
15.000 13.500 1.35839E+001
15.250 13.500 1.39380E+001
15.500 13.500 1.43339E+001
15.750 13.500 1.47714E+001
16.000 13.500 1.52506E+001
16.500 13.594 1.69994E+001
17.000 13.688 1.89322E+001
17.500 13.781 2.10491E+001
18.000 13.875 2.33501E+001
18.500 13.969 2.58352E+001
19.000 14.062 2.85042E+001
19.500 14.156 3.13571E+001
20.000 14.250 3.43935E+001
21.125 14.250 4.00668E+001
22.250 14.250 4.65830E+001
23.375 14.250 5.39426E+001
24.500 14.250 6.21458E+001
25.625 14.250 7.11927E+001
26.750 14.250 8.10833E+001
27.875 14.250 9.18177E+001
29.000 14.250 1.03396E+002
1.000 14.438 6.76914E+001
2.125 14.438 5.91133E+001
3.250 14.438 5.13789E+001
4.375 14.438 4.44883E+001
5.500 14.438 3.84414E+001
6.625 14.438 3.32382E+001
7.750 14.438 2.88787E+001
8.875 14.438 2.53626E+001
10.000 14.438 2.26897E+001
10.500 14.367 2.11553E+001
11.000 14.297 1.97968E+001
11.500 14.227 1.86146E+001
12.000 14.156 1.76087E+001
12.500 14.086 1.67793E+001
13.000 14.016 1.61262E+001
13.500 13.945 1.56496E+001
14.000 13.875 1.53492E+001
14.250 13.875 1.55367E+001
14.500 13.875 1.57659E+001
14.750 13.875 1.60368E+001
15.000 13.875 1.63493E+001
15.250 13.875 1.67034E+001
15.500 13.875 1.70993E+001
15.750 13.875 1.75367E+001
16.000 13.875 1.80158E+001
16.500 13.945 1.96496E+001
17.000 14.016 2.14596E+001
17.500 14.086 2.34460E+001
18.000 14.156 2.56087E+001
18.500 14.227 2.79479E+001
19.000 14.297 3.04635E+001
19.500 14.367 3.31553E+001
20.000 14.438 3.60230E+001
21.125 14.438 4.16959E+001
22.250 14.438 4.82120E+001
23.375 14.438 5.55716E+001
24.500 14.438 6.37747E+001
25.625 14.438 7.28216E+001
26.750 14.438 8.27122E+001
27.875 14.438 9.34466E+001
29.000 14.438 1.05025E+002
1.000 14.625 6.93906E+001
2.125 14.625 6.08125E+001
3.250 14.625 5.30781E+001
4.375 14.625 4.61875E+001
5.500 14.625 4.01406E+001
6.625 14.625 3.49375E+001
7.750 14.625 3.05780E+001
8.875 14.625 2.70621E+001
10.000 14.625 2.43894E+001
10.500 14.578 2.30424E+001
11.000 14.531 2.18659E+001
11.500 14.484 2.08603E+001
12.000 14.438 2.00255E+001
12.500 14.391 1.93617E+001
13.000 14.344 1.88689E+001
13.500 14.297 1.85470E+001
14.000 14.250 1.83958E+001
14.250 14.250 1.85834E+001
14.500 14.250 1.88126E+001
14.750 14.250 1.90835E+001
15.000 14.250 1.93960E+001
15.250 14.250 1.97501E+001
15.500 14.250 2.01460E+001
15.750 14.250 2.05834E+001
16.000 14.250 2.10625E+001
16.500 14.297 2.25470E+001
17.000 14.344 2.42022E+001
17.500 14.391 2.60284E+001
18.000 14.438 2.80255E+001
18.500 14.484 3.01936E+001
19.000 14.531 3.25326E+001
19.500 14.578 3.50424E+001
20.000 14.625 3.77228E+001
21.125 14.625 4.33954E+001
22.250 14.625 4.99113E+001
23.375 14.625 5.72708E+001
24.500 14.625 6.54739E+001
25.625 14.625 7.45208E+001
26.750 14.625 8.44115E+001
27.875 14.625 9.51458E+001
29.000 14.625 1.06724E+002
1.000 14.812 7.11602E+001
2.125 14.812 6.25820E+001
3.250 14.812 5.48477E+001
4.375 14.812 4.79570E+001
5.500 14.812 4.19102E+001
6.625 14.812 3.67070E+001
7.750 14.812 3.23476E+001
8.875 14.812 2.88318E+001
10.000 14.812 2.61595E+001
10.500 14.789 2.50185E+001
11.000 14.766 2.40448E+001
11.500 14.742 2.32387E+001
12.000 14.719 2.26004E+001
12.500 14.695 2.21298E+001
13.000 14.672 2.18268E+001
13.500 14.648 2.16916E+001
14.000 14.625 2.17238E+001
14.250 14.625 2.19114E+001
14.500 14.625 2.21407E+001
14.750 14.625 2.24115E+001
15.000 14.625 2.27240E+001
15.250 14.625 2.30782E+001
15.500 14.625 2.34740E+001
15.750 14.625 2.39114E+001
16.000 14.625 2.43904E+001
16.500 14.648 2.56916E+001
17.000 14.672 2.71602E+001
17.500 14.695 2.87964E+001
18.000 14.719 3.06004E+001
18.500 14.742 3.25721E+001
19.000 14.766 3.47114E+001
19.500 14.789 3.70185E+001
20.000 14.812 3.94929E+001
21.125 14.812 4.51652E+001
22.250 14.812 5.16809E+001
23.375 14.812 5.90403E+001
24.500 14.812 6.72435E+001
25.625 14.812 7.62904E+001
26.750 14.812 8.61810E+001
27.875 14.812 9.69154E+001
29.000 14.812 1.08493E+002
1.000 15.000 7.30000E+001
2.125 15.000 6.44219E+001
3.250 15.000 5.66875E+001
4.375 15.000 4.97969E+001
5.500 15.000 4.37500E+001
6.625 15.000 3.85469E+001
7.750 15.000 3.41875E+001
8.875 15.000 3.06719E+001
10.000 15.000 2.80000E+001
10.500 15.000 2.70833E+001
11.000 15.000 2.63333E+001
11.500 15.000 2.57500E+001
12.000 15.000 2.53333E+001
12.500 15.000 2.50833E+001
13.000 15.000 2.50000E+001
13.500 15.000 2.50833E+001
14.000 15.000 2.53333E+001
14.250 15.000 2.55208E+001
14.500 15.000 2.57500E+001
14.750 15.000 2.60208E+001
15.000 15.000 2.63333E+001
15.250 15.000 2.66875E+001
15.500 15.000 2.70833E+001
15.750 15.000 2.75208E+001
16.000 15.000 2.80000E+001
16.500 15.000 2.90833E+001
17.000 15.000 3.03333E+001
17.500 15.000 3.17500E+001
18.000 15.000 3.33333E+001
18.500 15.000 3.50833E+001
19.000 15.000 3.70000E+001
19.500 15.000 3.90833E+001
20.000 15.000 4.13333E+001
21.125 15.000 4.70052E+001
22.250 15.000 5.35208E+001
23.375 15.000 6.08802E+001
24.500 15.000 6.90833E+001
25.625 15.000 7.81302E+001
26.750 15.000 8.80208E+001
27.875 15.000 9.87552E+001
29.000 15.000 1.10333E+002


